basic sprites2.png

upleft
24 0 24 32 12 16
0 0 24 32 12 16
24 0 24 32 12 16
48 0 24 32 12 16

upright
24 32 24 32 12 16
0 32 24 32 12 16
24 32 24 32 12 16
48 32 24 32 12 16

downright
24 64 24 32 12 16
0 64 24 32 12 16
24 64 24 32 12 16
48 64 24 32 12 16

downleft
24 96 24 32 12 16
0 96 24 32 12 16
24 96 24 32 12 16
48 96 24 32 12 16

upleftstanding
24 0 24 32 12 16

uprightstanding
24 32 24 32 12 16

downrightstanding
24 64 24 32 12 16

downleftstanding
24 96 24 32 12 16