zombie1.png

NORTH MOVING
24 0 24 32 12 24
0 0 24 32 12 24
24 0 24 32 12 24
48 0 24 32 12 24

EAST MOVING
24 32 24 32 12 24
0 32 24 32 12 24
24 32 24 32 12 24
48 32 24 32 12 24

SOUTH MOVING
24 64 24 32 12 24
0 64 24 32 12 24
24 64 24 32 12 24
48 64 24 32 12 24

WEST MOVING
24 96 24 32 12 24
0 96 24 32 12 24
24 96 24 32 12 24
48 96 24 32 12 24

NORTH STANDING
24 0 24 32 12 24

EAST STANDING
24 32 24 32 12 24

SOUTH STANDING
24 64 24 32 12 24

WEST STANDING
24 96 24 32 12 24